1 3 100 530 0 35 6 0.0
1 2 800 70 0 35 6 0.0
1 3 100 530 30 35 12 1.01
1 2 800 70 30 35 12 1.01
2 1 791 91 184 7 2 1.28
2 1 703 85 198 0 2 1.41
2 1 675 83 186 0 2 1.55
2 1 635 78 187 3 2 1.62
2 1 564 74 180 2 2 1.7
2 1 484 75 180 1 2 1.78
2 1 401 82 180 1 2 1.88
2 1 352 84 176 1 2 1.96
2 1 300 91 172 3 2 2.05
2 1 224 108 158 3 2 2.11
2 1 170 138 136 2 2 2.2
2 1 115 191 120 1 2 2.28
2 1 93 232 93 1 2 2.35
2 1 92 282 90 2 2 2.43
2 1 92 350 74 2 2 2.53
2 1 114 407 56 3 2 2.63
2 1 147 461 57 2 2 2.71
2 1 176 498 39 4 2 2.78
2 1 240 543 22 5 2 2.86
2 1 327 575 4 4 2 2.94
2 1 451 579 -1 9 2 3.03
2 1 635 561 -20 4 2 3.11
2 1 750 515 -27 5 2 3.18
2 1 830 467 -53 1 2 3.29
2 1 870 411 -77 1 2 3.4
2 1 878 361 265 5 2 3.51
2 1 873 268 263 3 2 3.6
2 1 866 201 247 2 2 3.66
2 1 822 152 205 1 2 3.76
2 1 754 127 209 2 2 3.86
2 1 701 97 206 3 2 3.93
2 1 616 81 181 5 2 4.03
2 1 504 81 178 3 2 4.11
2 1 420 89 177 5 2 4.2
2 1 301 107 167 5 2 4.26
2 1 203 137 146 3 2 4.35
2 1 143 182 129 3 2 4.43
2 1 100 235 118 2 2 4.51
2 1 78 291 91 3 2 4.58
2 1 83 364 64 6 2 4.68
2 1 125 453 50 2 2 4.75
2 1 164 497 45 2 2 4.86
2 1 215 536 21 13 2 4.95
2 1 377 594 1 5 2 5.01
2 1 491 581 -12 2 2 5.11
2 1 608 546 -11 4 2 5.2
2 1 730 512 -25 4 2 5.3
2 1 818 454 -69 3 2 5.39
2 1 842 379 -87 2 2 5.48
2 1 847 323 269 3 2 5.54
1 4 800 530 0 35 6 5.56
2 1 840 228 248 1 2 5.63
1 5 200 70 30 35 6 5.7
2 1 826 172 254 2 2 5.73
2 1 794 108 217 2 2 5.81
2 1 747 81 195 4 2 5.86
2 1 679 67 184 4 2 5.93
2 1 578 64 187 5 2 6.0
2 1 474 61 170 3 2 6.08
2 1 416 74 163 3 2 6.16
2 1 328 104 146 2 2 6.24
2 1 289 140 117 3 2 6.31
2 1 258 192 97 1 2 6.39
2 1 255 218 90 2 2 6.44
2 1 255 260 90 1 2 6.51
2 1 260 299 66 3 2 6.58
2 1 293 378 56 3 2 6.69
2 1 316 413 45 1 2 6.74
2 1 337 431 31 1 2 6.81
2 1 402 465 13 4 2 6.91
2 1 505 480 -1 5 2 7.03
2 1 583 474 -22 1 2 7.09
2 1 638 443 -46 4 2 7.16
2 1 685 370 -80 1 2 7.22
2 1 694 281 258 2 2 7.32
2 1 664 228 213 3 2 7.39
2 1 591 183 212 2 2 7.47
2 1 526 154 180 2 2 7.54
2 1 453 168 164 1 2 7.64
2 1 408 184 144 2 2 7.72
2 1 375 212 129 2 2 7.81
2 1 350 249 103 2 2 7.87
2 1 340 307 90 2 2 7.96
2 1 342 354 69 2 2 8.06
2 1 362 399 51 1 2 8.16
2 1 396 430 22 4 2 8.27
2 1 469 458 -4 5 2 8.39
2 1 571 440 -22 2 2 8.49
2 1 611 408 -77 7 2 8.57
2 1 627 310 259 2 2 8.66
2 1 619 267 259 3 2 8.74
2 1 600 205 236 1 2 8.81
2 1 562 173 207 4 2 8.91
2 1 496 144 181 4 2 8.99
2 1 400 150 165 4 2 9.11
2 1 333 170 143 1 2 9.17
2 1 292 200 124 4 2 9.27
2 1 254 266 97 3 2 9.34
2 1 248 339 81 2 2 9.44
2 1 259 397 62 2 2 9.54
2 1 309 465 43 3 2 9.62
2 1 368 514 11 5 2 9.72
2 1 518 544 0 2 2 9.86
2 1 624 544 -10 9 2 9.94
2 1 774 503 -58 7 2 10.04
2 1 833 370 -83 5 2 10.16
2 1 841 259 -87 5 2 10.23
2 1 843 172 254 0 2 10.31
2 1 835 155 228 2 2 10.36
2 1 798 124 203 3 2 10.46
2 1 691 100 193 4 2 10.54
2 1 74 523 269 5 4 10.57
2 1 87 210 -73 12 4 10.97
2 1 228 78 -9 9 4 11.28
2 1 221 473 20 9 4 11.7
2 1 226 277 -18 7 4 12.16
2 1 255 58 19 9 4 12.66
2 1 389 486 -16 9 5 13.06
2 1 385 270 8 13 5 13.38
2 1 380 39 35 10 5 13.75
2 1 601 538 -24 11 5 14.16
2 1 614 317 20 8 5 14.5
2 1 571 85 -14 11 5 14.88
2 1 381 280 181 10 4 15.4
2 1 251 277 149 0 4 15.63
2 1 230 288 131 2 4 15.73
2 1 206 322 98 2 4 15.82
2 1 205 382 50 1 4 15.9
2 1 233 412 38 1 4 15.98
2 1 273 444 28 1 4 16.07
2 1 328 466 6 2 4 16.16
2 1 407 468 -14 2 3 16.23
2 1 472 439 -58 3 3 16.32
2 1 349 227 30 12 1 16.4
2 1 523 362 -65 1 3 16.41
2 1 537 331 269 1 3 16.5
2 1 529 287 246 1 3 16.6
2 1 512 243 225 1 3 16.68
2 1 479 218 214 3 3 16.75
2 1 432 190 197 2 3 16.83
2 1 380 182 185 3 3 16.89
2 1 316 182 171 4 3 16.98
5 3 498 281 193 5 15 17.0
2 1 822 462 184 10 4 19.96
2 1 804 343 184 9 4 20.27
2 1 819 225 181 11 4 20.54
2 1 814 85 177 10 4 20.72
2 1 14 570 -45 1 4 21.1
2 1 80 509 -1 17 4 21.15
2 1 88 393 -4 17 4 21.4
2 1 53 209 0 14 4 21.67
2 1 109 122 -3 11 4 21.95
2 1 869 414 147 10 4 22.35
2 1 873 276 134 10 4 22.65
2 1 882 174 149 9 4 22.95
2 1 908 68 148 18 4 23.18
2 1 134 510 -47 13 4 23.65
2 1 137 408 -67 8 4 23.8
2 1 128 273 -54 6 4 24.0
2 1 130 122 -48 5 4 24.25
2 1 875 530 213 3 3 24.57
2 1 766 511 194 3 3 24.82
2 1 648 502 185 2 3 25.14
2 1 531 499 182 5 3 25.39
2 1 401 497 186 2 3 25.62
2 1 301 495 187 2 3 25.9
2 1 191 492 184 2 3 26.34
2 1 87 500 187 2 3 26.7
2 1 106 240 -35 9 9 27.09
2 1 878 201 156 14 9 27.52
2 1 498 282 94 5 3 29.37
2 1 493 356 264 6 3 29.65
2 1 486 264 88 7 3 29.92
2 1 488 361 -85 7 3 30.12
2 1 498 252 92 7 3 30.39
2 1 490 354 269 6 3 30.8
2 1 498 260 89 6 3 30.99
2 1 498 364 267 6 3 31.34
2 1 498 171 94 9 3 31.64
2 1 501 469 268 7 3 31.92
2 1 517 158 91 8 3 32.22
2 1 492 485 264 12 3 32.54
2 1 536 170 100 11 3 32.84
2 1 463 505 -88 11 3 33.14
2 1 533 177 104 8 3 33.44
2 1 466 473 -88 13 3 33.79
2 1 317 68 68 4 34 34.12
2 1 369 60 34 4 34 34.37
2 1 460 58 39 4 34 34.72
2 1 541 53 49 4 34 35.14
2 1 617 42 52 5 34 35.5
2 1 503 277 269 4 1 36.22
2 1 483 45 89 5 13 38.65
2 1 468 64 86 6 13 40.95
2 1 505 152 88 4 13 41.2
2 1 470 281 92 6 13 41.6
2 1 527 389 82 4 13 41.94
2 1 498 275 266 7 13 44.72
2 1 501 272 266 3 4 46.75
2 1 499 241 88 5 4 46.9
2 1 501 266 269 3 4 47.07
2 1 501 226 90 6 4 47.27
2 1 499 274 269 4 4 47.57
2 1 496 224 90 7 4 47.72
2 1 453 271 10 3 4 49.06
2 1 533 276 184 5 4 49.27
2 1 455 270 -5 6 4 49.49
2 1 537 265 177 4 4 49.74
2 1 457 267 -1 4 4 49.99
2 1 531 270 183 3 4 50.24
2 1 455 268 0 4 4 50.51
2 1 548 269 182 4 4 50.74
2 1 459 267 -1 4 4 50.97
2 1 541 266 178 5 4 51.22
2 1 470 268 3 3 4 51.47
2 1 540 269 178 4 4 51.74
2 1 464 272 -7 4 4 52.02
2 1 533 272 182 2 4 52.36
2 1 241 538 5 2 1 52.77
2 1 270 541 -9 2 1 52.89
2 1 304 536 -5 4 1 52.96
2 1 348 531 0 1 1 53.03
2 1 363 531 0 2 1 53.08
2 1 402 531 0 2 1 53.14
2 1 450 531 -5 4 1 53.21
2 1 508 527 0 1 1 53.26
2 1 530 527 0 2 1 53.33
2 1 593 527 0 2 1 53.43
2 1 694 519 -15 5 1 53.58
2 1 760 500 -17 3 1 53.64
2 1 810 482 -35 4 1 53.71
2 1 861 445 -38 3 1 53.78
2 1 904 408 -39 1 1 53.84
2 1 931 375 -66 1 1 53.94
2 1 939 347 -76 2 1 54.01
2 1 949 294 -86 3 1 54.11
2 1 950 240 256 2 1 54.18
2 1 943 212 256 2 1 54.23
2 1 934 174 248 3 1 54.28
2 1 903 127 222 1 1 54.38
2 1 862 102 212 1 1 54.44
2 1 818 84 199 3 1 54.53
2 1 750 72 186 3 1 54.6
2 1 679 69 180 8 1 54.66
2 1 552 69 190 4 1 54.73
2 1 488 61 182 2 1 54.8
2 1 397 71 172 3 1 54.9
2 1 304 91 168 4 1 54.98
2 1 230 113 160 12 1 55.06
2 1 90 167 153 1 1 55.14
2 1 39 199 114 2 1 55.24
2 1 20 243 105 3 1 55.29
2 1 6 302 90 1 1 55.38
2 1 6 331 79 1 1 55.44
2 1 14 363 68 2 1 55.53
2 1 33 413 73 1 1 55.63
2 1 44 446 51 1 1 55.69
2 1 80 482 38 3 1 55.78
2 1 131 517 18 2 1 55.84
2 1 209 533 7 5 1 55.91
2 1 328 543 2 7 1 55.98
2 1 478 547 -8 3 1 56.06
2 1 609 518 -12 7 1 56.16
2 1 798 463 -28 3 1 56.24
2 1 883 415 -66 1 1 56.33
2 1 907 360 -71 4 1 56.39
2 1 927 258 260 4 1 56.49
2 1 880 147 217 5 1 56.58
2 1 747 75 187 10 1 56.66
2 1 568 61 173 13 1 56.74
2 1 339 97 141 4 1 56.83
2 1 274 183 94 10 1 56.9
2 1 329 388 37 7 1 57.01
2 1 479 463 -6 13 1 57.09
2 1 752 367 -65 6 1 57.19
2 1 781 194 205 13 1 57.29
2 1 508 95 182 20 1 57.36
2 1 502 274 33 57 8 61.78
2 1 482 261 197 5 12 62.26
2 1 138 290 82 8 12 62.61
2 1 169 407 51 5 12 62.74
2 1 233 472 34 2 12 62.83
2 1 307 510 1 3 12 63.01
2 1 424 506 12 10 1 63.11
2 1 650 521 -22 4 1 63.28
2 1 728 479 -44 5 1 63.38
2 1 779 384 -78 5 1 63.48
2 1 792 305 269 2 1 63.56
2 1 792 226 250 4 1 63.66
2 1 731 129 217 6 1 63.76
2 1 630 63 201 3 1 63.84
2 1 548 39 186 4 1 63.94
2 1 388 43 178 11 1 64.04
2 1 207 56 159 6 1 64.13
2 1 119 141 111 6 1 64.23
2 1 89 282 91 7 1 64.31
2 1 85 390 76 1 1 64.4
2 1 101 421 44 4 1 64.46
2 1 190 478 17 8 1 64.56
2 1 363 516 8 6 1 64.7
2 1 506 526 -2 7 1 64.8
2 1 675 505 -32 3 9 64.88
2 1 718 439 -72 3 9 64.96
2 1 763 340 -70 3 9 65.08
2 1 753 171 223 4 9 65.26
2 1 626 113 202 1 9 65.4
2 1 533 79 186 3 9 65.56
2 1 362 81 172 6 9 65.73
2 1 221 107 154 2 9 65.86
2 1 148 164 113 4 9 66.03
2 1 115 264 91 2 9 66.14
2 1 133 363 54 4 9 66.28
2 1 194 444 36 2 9 66.43
2 1 285 499 25 2 9 66.61
2 1 328 517 11 1 9 66.71
2 1 338 519 203 2 9 66.8
2 1 313 508 0 0 9 66.88
2 1 322 507 8 3 9 66.94
2 1 371 513 0 0 9 67.03
2 1 383 513 0 0 9 67.09
2 1 504 514 0 2 9 67.29
2 1 602 505 -18 3 9 67.44
2 1 652 485 -38 2 9 67.54
2 1 693 440 -51 1 9 67.68
2 1 731 383 -65 1 9 67.83
2 1 747 328 243 0 9 67.93
2 1 741 324 103 1 9 68.01
2 1 736 361 264 0 9 68.09
2 1 736 342 269 1 9 68.18
2 1 737 312 269 1 9 68.26
2 1 737 274 269 4 9 68.39
2 1 726 181 222 10 9 68.49
2 1 628 99 204 3 9 68.59
2 1 508 71 183 5 9 68.71
2 1 313 63 171 5 9 68.86
2 1 196 85 165 6 3 68.98
2 1 97 146 90 6 3 69.16
2 1 97 282 76 4 3 69.3
2 1 205 433 44 6 3 69.43
2 1 276 495 22 4 3 69.53
2 1 432 533 0 4 3 69.68
2 1 599 530 -16 7 3 69.83
2 1 713 477 -52 3 3 69.96
2 1 762 366 -87 5 3 70.1
2 1 762 259 256 3 3 70.2
2 1 713 146 238 3 3 70.31
2 1 649 89 193 4 3 70.43
2 1 518 75 180 6 3 70.56
2 1 376 77 167 7 3 70.68
2 1 263 115 122 3 3 70.78
2 1 219 201 111 3 3 70.89
2 1 189 302 95 3 3 71.04
2 1 199 435 69 2 3 71.23
2 1 265 487 14 4 3 71.36
2 1 373 525 2 2 3 71.56
2 1 457 534 0 2 3 71.71
2 1 508 534 0 4 3 71.83
2 1 612 518 -35 4 3 71.96
2 1 675 468 -18 0 3 72.14
2 1 624 495 164 4 3 72.31
2 1 530 522 169 3 3 72.43
2 1 443 528 194 3 3 72.54
2 1 367 505 226 2 3 72.66
2 1 318 454 208 1 3 72.78
2 1 295 445 71 1 3 72.88
2 1 329 494 25 4 3 72.98
2 1 400 523 7 3 3 73.09
2 1 472 527 0 4 3 73.22
2 1 583 517 -28 2 3 73.36
2 1 662 460 -46 3 3 73.52
2 1 704 412 -63 0 3 73.66
2 1 680 430 154 5 3 73.79
2 1 601 474 144 2 3 73.91
2 1 523 518 176 1 3 74.04
2 1 456 519 189 3 3 74.19
2 1 352 472 239 1 3 74.36
2 1 318 418 221 2 3 74.48
2 1 308 414 46 3 3 74.66
2 1 396 492 21 3 3 74.83
2 1 469 515 2 2 3 74.93
2 1 560 514 -16 3 3 75.04
2 1 634 487 -23 4 3 75.16
2 1 722 438 -47 3 3 75.28
2 1 762 391 264 0 3 75.39
2 1 712 431 157 4 3 75.51
2 1 632 468 156 4 3 75.63
2 1 536 507 168 2 3 75.76
2 1 459 514 180 2 3 75.89
2 1 348 514 184 2 8 76.04
2 1 273 495 229 1 8 76.19
2 1 207 432 231 1 8 76.31
2 1 136 344 242 2 8 76.48
2 1 111 265 -83 2 8 76.61
2 1 165 162 -53 2 8 76.76
2 1 231 109 -25 2 8 76.91
2 1 300 80 -16 2 8 77.06
2 1 380 62 -4 2 8 77.23
2 1 529 55 -1 5 8 77.38
2 1 627 64 21 4 8 77.49
2 1 723 106 44 4 8 77.59
2 1 783 179 66 3 8 77.73
2 1 806 246 82 2 8 77.86
2 1 808 320 107 3 8 78.0
2 1 781 387 130 3 8 78.11
2 1 732 439 149 2 8 78.24
2 1 671 477 152 3 8 78.38
2 1 611 502 170 3 8 78.51
2 1 525 510 180 2 8 78.63
2 1 428 509 188 6 8 78.76
2 1 274 474 203 1 8 78.91
2 1 225 451 225 1 8 79.08
2 1 202 422 243 1 8 79.2
2 1 184 374 269 2 8 79.33
2 1 182 294 269 2 8 79.48
2 1 181 210 269 2 8 79.63
2 1 189 150 -53 3 8 79.76
2 1 250 98 -25 4 8 79.87
2 1 340 61 -16 1 8 80.0
2 1 359 56 -7 2 8 80.1
2 1 413 53 -6 1 8 80.23
2 1 478 51 0 1 8 80.4
2 1 510 54 0 2 8 80.53
2 1 538 54 95 0 3 80.85
2 1 550 75 65 2 3 80.98
2 1 573 127 76 1 3 81.12
2 1 578 159 90 2 3 81.22
2 1 578 208 90 2 3 81.33
2 1 574 247 94 2 3 81.47
2 1 568 318 91 0 3 81.68
2 1 568 343 90 2 3 81.81
2 1 568 380 95 0 3 81.93
2 1 546 381 180 0 3 82.05
2 1 522 376 185 1 3 82.15
2 1 488 375 180 1 3 82.26
2 1 452 375 180 2 3 82.4
2 1 414 375 180 0 3 82.51
2 1 416 354 269 2 3 82.65
2 1 416 312 269 0 3 82.75
2 1 421 270 269 1 3 82.9
2 1 422 224 -81 1 3 83.01
2 1 424 193 269 1 3 83.11
2 1 425 169 -16 1 3 83.23
2 1 475 168 4 2 3 83.36
2 1 511 172 0 0 3 83.46
2 1 535 172 0 1 3 83.56
2 1 559 173 0 1 3 83.68
2 1 574 174 74 0 3 83.78
2 1 577 199 90 1 3 83.9
2 1 577 227 90 1 3 84.0
2 1 577 251 90 1 3 84.11
2 1 577 281 90 2 3 84.26
2 1 577 328 90 2 3 84.39
2 1 577 359 95 0 3 84.51
2 1 577 350 -87 2 3 84.63
2 1 580 310 -14 0 3 84.73
2 1 607 314 0 1 3 84.88
2 1 628 312 269 1 3 84.98
2 1 628 280 264 0 3 85.08
2 1 585 271 172 1 3 85.21
2 1 565 274 180 0 3 85.29
2 1 563 252 -84 1 3 85.43
2 1 565 230 -78 0 3 85.53
2 1 566 199 269 0 3 85.63
2 1 566 180 191 0 3 85.73
2 1 529 179 180 1 3 85.83
2 1 475 179 180 1 3 85.93
2 1 449 180 172 0 3 86.02
2 1 429 194 90 2 3 86.14
2 1 429 249 93 1 3 86.26
2 1 428 290 90 1 3 86.37
2 1 423 330 98 1 3 86.47
2 1 421 364 90 1 3 86.59
2 1 427 387 81 1 3 86.74
2 1 432 404 -10 2 3 86.84
2 1 484 392 -6 2 3 86.96
2 1 534 384 0 1 3 87.06
2 1 571 384 -11 0 3 87.18
2 1 583 375 269 1 3 87.29
2 1 583 329 269 0 3 87.39
2 1 583 304 -81 1 3 87.47
2 1 586 270 269 0 3 87.57
2 1 586 236 258 1 3 87.67
2 1 575 200 243 0 3 87.79
2 1 569 189 215 0 3 87.91
2 1 523 182 189 1 3 88.02
2 1 485 179 188 2 3 88.12
2 1 433 175 176 1 3 88.24
2 1 408 187 91 0 3 88.34
2 1 408 229 90 3 3 88.49
2 1 405 281 94 1 3 88.61
2 1 403 321 90 2 3 88.72
2 1 406 366 76 0 3 88.82
2 1 411 354 -68 1 3 88.94
2 1 422 317 269 1 3 89.04
2 1 422 283 269 0 3 89.14
2 1 422 243 269 1 3 89.24
2 1 425 196 268 0 3 89.44
2 1 435 183 -12 1 3 89.62
2 1 499 178 -5 1 3 89.74
2 1 523 177 180 0 1 89.86
2 1 202 445 135 9 12 90.14
2 1 743 462 213 8 12 90.66
2 1 234 77 48 10 12 91.07
2 1 849 437 219 12 12 91.39
2 1 674 448 161 6 4 91.69
2 1 607 506 156 3 4 91.88
2 1 426 546 180 3 4 92.04
2 1 324 535 202 3 4 92.14
2 1 258 499 233 5 9 92.29
2 1 817 166 152 9 9 92.68
2 1 109 131 25 14 9 93.08
2 1 794 518 226 13 9 93.61
2 1 494 319 261 1 2 94.33
2 1 480 270 269 1 2 94.53
2 1 486 166 269 1 2 94.7
2 1 495 113 -53 1 2 94.81
2 1 520 96 50 2 2 94.93
2 1 542 152 88 4 2 95.01
2 1 543 259 90 8 2 95.11
2 1 543 404 113 7 2 95.23
2 1 505 480 124 1 2 95.33
2 1 488 504 245 2 2 95.41
2 1 465 376 265 7 2 95.53
2 1 456 179 269 3 2 95.61
2 1 470 95 -47 1 2 95.7
2 1 502 72 47 1 2 95.8
2 1 536 148 88 6 2 95.88
2 1 538 299 90 4 2 95.98
2 1 532 410 93 5 2 96.11
2 1 512 530 153 0 2 96.33
2 1 483 519 225 6 2 96.42
2 1 406 418 -87 4 2 96.5
2 1 439 278 -88 5 2 96.61
2 1 441 168 -67 2 2 96.7
2 1 471 126 4 1 2 96.78
2 1 497 142 65 3 2 96.88
2 1 530 230 76 3 2 97.0
2 1 543 342 92 5 2 97.1
2 1 527 477 101 3 2 97.23
2 1 509 533 173 1 2 97.33
2 1 471 522 268 5 2 97.42
2 1 473 423 269 3 2 97.52
2 1 183 295 114 1 2 99.45
2 1 176 310 29 7 2 99.56
2 1 793 532 -21 3 2 99.75
2 1 636 334 204 7 2 99.91
2 1 303 267 145 8 2 100.05
2 1 162 416 55 1 2 100.16
2 1 390 432 0 20 2 100.3
2 1 784 400 266 3 2 100.41
2 1 731 209 223 5 2 100.51
2 1 481 145 168 10 2 100.63
2 1 228 257 111 7 2 100.73
2 1 196 438 58 3 2 100.83
2 1 398 545 -30 4 2 100.96
2 1 620 361 -66 4 2 101.1
2 1 871 111 69 2 2 101.25
2 1 792 340 163 5 2 101.38
2 1 363 283 192 14 2 101.5
2 1 124 213 213 1 2 101.6
2 1 117 211 63 10 2 101.71
2 1 319 454 -7 6 2 101.83
2 1 560 135 -30 0 2 101.97
2 1 639 308 100 14 2 102.1
2 1 367 509 219 25 2 102.2
2 1 58 175 258 1 2 102.3
2 1 194 155 -3 23 2 102.45
2 1 659 139 35 1 2 102.58
2 1 732 508 235 2 2 102.78
2 1 576 124 256 2 2 102.92
2 1 244 233 117 7 2 103.05
2 1 208 413 14 2 2 103.18
2 1 451 299 -21 18 2 103.33
2 1 780 268 84 7 2 103.48
2 1 607 428 204 4 2 103.72
2 1 98 256 206 0 2 103.83
2 1 81 204 25 9 2 103.93
2 1 401 413 -37 11 2 104.06
2 1 755 140 15 1 2 104.18
2 1 854 257 99 7 2 104.3
2 1 738 415 180 10 2 104.41
2 1 472 359 190 8 2 104.53
2 1 230 317 255 3 2 104.61
2 1 278 130 -27 4 2 104.73
2 1 558 65 60 11 2 104.86
2 1 692 537 -33 0 2 105.03
2 1 765 256 -84 6 2 105.15
2 1 629 243 138 20 2 105.26
2 1 269 494 225 2 2 105.38
2 1 269 224 236 3 2 105.5
2 1 270 226 50 14 2 105.63
2 1 594 490 -74 7 2 105.76
2 1 792 201 38 3 2 105.9
2 1 694 461 210 15 2 106.1
2 1 327 210 215 1 2 106.25
2 1 249 188 180 0 4 106.4
2 1 214 205 132 4 4 106.51
2 1 156 344 83 4 4 106.61
2 1 207 461 26 2 4 106.74
2 1 328 394 -55 1 4 106.88
2 1 342 313 253 3 4 106.98
2 1 291 194 185 2 4 107.13
2 1 200 196 154 3 4 107.23
2 1 144 259 90 3 4 107.35
2 1 179 376 30 5 4 107.46
2 1 887 398 203 3 4 107.71
2 1 722 296 -76 11 4 107.83
2 1 784 153 -3 3 4 107.93
2 1 869 174 61 4 4 108.05
2 1 917 326 109 3 4 108.18
2 1 798 428 188 4 4 108.35
2 1 673 346 254 3 4 108.48
2 1 704 190 -21 2 4 108.65
2 1 804 169 264 0 6 108.75
2 1 737 114 202 1 6 109.01
2 1 553 57 189 0 6 109.3
2 1 409 53 180 0 6 109.53
2 1 283 70 159 1 6 109.73
2 1 187 144 119 1 6 109.96
2 1 136 236 116 1 6 110.16
2 1 97 331 180 0 6 110.39
2 1 132 247 -80 1 6 111.08
2 1 184 183 -36 1 6 111.23
2 1 257 117 -35 1 6 111.43
2 1 363 58 -18 1 6 111.61
2 1 462 46 0 2 6 111.78
2 1 595 49 10 3 6 111.94
2 1 703 84 25 2 6 112.11
2 1 799 132 45 2 6 112.24
2 1 847 200 66 1 6 112.39
2 1 870 261 66 1 6 112.56
2 1 791 441 -40 7 1 115.71
2 1 220 481 220 20 1 116.36
2 1 218 92 128 13 1 116.79
2 1 446 47 26 35 1 117.47
2 1 510 294 0 8 22 120.41
0 0 0 0 0 0 0 888.0
