1 3 100 530 0 35 6 0.0
1 2 800 70 0 35 6 0.0
1 3 100 530 30 35 12 1.01
1 2 800 70 30 35 12 1.01
2 1 239 232 60 6 1 1.13
2 1 270 287 95 0 1 1.2
2 1 273 290 26 0 1 1.25
2 1 289 300 45 0 1 1.33
2 1 291 303 45 0 1 1.38
2 1 297 308 56 1 1 1.47
2 1 308 323 48 1 1 1.55
2 1 318 334 54 0 1 1.6
2 1 327 346 59 0 1 1.7
2 1 333 354 59 0 1 1.76
2 1 340 364 33 1 1 1.85
2 1 357 376 40 0 1 1.93
2 1 367 384 45 0 1 2.0
2 1 378 394 40 1 1 2.07
2 1 401 415 36 1 1 2.17
2 1 416 424 22 1 1 2.21
2 1 431 430 16 1 1 2.26
2 1 451 437 22 2 1 2.31
2 1 491 453 7 1 1 2.4
2 1 519 455 -3 1 1 2.45
2 1 547 450 -4 2 1 2.5
2 1 577 442 -59 0 1 2.55
2 1 592 426 -76 0 1 2.63
2 1 598 412 -74 1 1 2.68
2 1 606 387 -82 0 1 2.75
2 1 610 358 269 1 1 2.82
2 1 610 320 261 2 1 2.88
2 1 604 280 261 1 1 2.93
2 1 600 256 257 0 1 2.98
2 1 595 240 223 3 1 3.05
2 1 552 206 233 0 1 3.12
2 1 544 198 215 1 1 3.18
2 1 526 187 208 2 1 3.23
2 1 504 174 201 1 1 3.28
2 1 475 166 188 1 1 3.35
2 1 436 164 178 3 1 3.42
2 1 389 170 158 1 1 3.47
2 1 366 182 151 1 1 3.53
2 1 343 197 116 0 1 3.58
2 1 334 215 113 0 1 3.67
2 1 325 237 110 2 1 3.74
2 1 315 273 90 1 1 3.82
2 1 315 305 94 1 1 3.9
2 1 314 329 90 1 1 3.97
2 1 315 350 66 0 1 4.04
2 1 322 365 60 1 1 4.1
2 1 334 386 52 1 1 4.18
2 1 353 411 48 1 1 4.27
2 1 376 428 26 1 1 4.35
2 1 404 442 24 1 1 4.42
2 1 437 454 17 1 1 4.5
2 1 491 458 -10 2 1 4.6
2 1 546 440 -39 1 1 4.67
2 1 570 414 -61 1 1 4.73
2 1 586 385 -70 1 1 4.78
2 1 603 340 -68 1 1 4.87
2 1 614 307 -87 2 1 4.93
2 1 618 271 -84 2 1 5.0
2 1 620 234 269 0 1 5.07
2 1 616 215 239 1 1 5.12
2 1 603 193 238 0 1 5.19
2 1 594 179 216 1 1 5.25
2 1 575 167 195 2 1 5.32
2 1 541 159 194 2 1 5.37
2 1 504 146 206 1 1 5.44
2 1 482 141 180 2 1 5.5
1 4 800 530 0 35 6 5.56
2 1 442 141 180 2 1 5.57
2 1 398 141 180 1 1 5.65
1 5 200 70 30 35 6 5.7
0 0 0 0 0 0 0 888.0
