0
11111111111111111111
10000000000000000001
10000000000000000001
10000000000000000001
10000000000000000001
10000000000000000001
10000000010000000001
10000000000000000001
10000000000000000001
10000000000000000001
10000000000000000001
11111111111111111111
0.87
33333333333333333333
30000000000000000003
30000000000000000003
30000000000000000003
30000000000000000003
30000000101000000003
30000000010000000003
30000000101000000003
30000000000000000003
30000000000000000003
30000000000000000003
33333333333333333333
1.02
33333333333333333333
30000000000000000003
30000000000000000003
30000000000000000003
30000001010100000003
30000000101000000003
30000001010100000003
30000000101000000003
30000001010100000003
30000000000000000003
30000000000000000003
33333333333333333333
1.17
11111111111111111111
10000000000000000001
10000000000000000001
10000000000000000001
10000000000000000001
10000000111000000001
10000000111000000001
10000000111000000001
10000000000000000001
10000000000000000001
10000000000000000001
11111111111111111111
5.56
33333333333333333333
30000000000000000003
30000000000000000003
30000000000000000003
30000000010000000003
30000000101000000003
30000010000010000003
30000000101000000003
30000000000000000003
30000000010000000003
30000000000000000003
33333333333333333333
5.7
33333333333333333333
30000000000000000003
30000000000000000003
30000100010001000003
30000000000000000003
30000000101000000003
30000010000010000003
30000000101000000003
30000000000000000003
30000100010001000003
30000000000000000003
33333333333333333333
5.85
10101010101010101011
10000000000000000001
10000000000000000001
10000000000000000001
10000000000000000001
10000000101000000001
10000000010000000001
10000000101000000001
10000000000000000001
10000000000000000001
10000000000000000001
11010101010101010101
9.51
13131313131313131311
10000000000000000001
10000000000000000001
10000010000000000001
10000000000000000001
10000000001000000001
10001000000000010001
10000000100000000001
10000000000000000001
10000000000010000001
10000000000000000001
11313131313131313131
9.65
11313131313131313131
10000000000000000001
10000000000000000001
10000001000000000001
10000000000010000001
10000000001000000001
10000000010000000001
10000000100000000001
10000010000000000001
10000000000100000001
10000000000000000001
13131313131313131311
9.80
13131313131313131311
10000000000000000001
10000000000000000001
10000000000000000001
10000000010000000001
10000000101000000001
10000001000100000001
10000000101000000001
10000000010000000001
10000000000000000001
10000000000000000001
11313131313131313131
9.95
11313131313131313131
10000000000000000001
10000000000000000001
10000000000000000001
10000001010100000001
10000000000000000001
10000000010000000001
10000001101100000001
10000000010000000001
10000000000000000001
10000000000000000001
13131313131313131311
10.09
13131313131313131311
10000000000000000001
10000000000000000001
10000000000000000001
10000001010100000001
10000000000000000001
10000000000000000001
10000001101100000001
10000000010000000001
10000000000000000001
10000000000000000001
11313131313131313131
10.24
11313131313131313131
10000000000000000001
10000000000000000001
10000000100000000001
10000000100000000001
10000000000000000001
10000000010000000001
10000000000000000001
10000000001000000001
10000000001000000001
10000000000000000001
13131313131313131311
10.39
13131313131313131311
10000000000000000001
10100000000000110001
10100000000000101001
10111000000000110001
10000000000000000001
10000000000000000001
10000000101000000001
10000000000000000001
10000010000010000001
10000000000000000001
11313131313131313131
10.53
10101010101010101011
10000000000000000001
11110000000000000000
10000000000000000001
00001111000000000000
10000000000000000001
00000000111100000000
10000000000000000001
00000000000011110000
10000000000000000001
00000000000000001111
11010101010101010101
10.82
10101010101010101011
10000000000000000001
11111000000000000000
10000000000000000001
00001111100000000000
10000000000000000001
00000000111110000000
10000000000000000001
00000000000011111000
10000000000000000001
10000000000000001111
11010101010101010101
11.12
10101010101010101011
10000000000000000001
01111100000000000000
10000000000000000001
00000111110000000000
10000000000000000001
00000000011111000000
10000000000000000001
00000000000001111100
10000000000000000001
11000000000000000111
11010101010101010101
11.41
10101010101010101011
10000000000000000001
00111110000000000000
10000000000000000001
00000011111000000000
10000000000000000001
00000000001111100000
10000000000000000001
00000000000000111110
10000000000000000001
11100000000000000011
11010101010101010101
11.70
10101010101010101011
10000000000000000001
00011111000000000000
10000000000000000001
00000001111100000000
10000000000000000001
00000000000111110000
10000000000000000001
00000000000000011111
10000000000000000001
11110000000000000001
11010101010101010101
12.00
10101010101010101011
10000000000000000001
00000111110000000000
10000000000000000001
00000000111110000000
10000000000000000001
00000000000011111000
10000000000000000001
10000000000000001111
10000000000000000001
11111000000000000000
11010101010101010101
12.29
10101010101010101011
10000000000000000001
00000011111000000000
10000000000000000001
00000000011111000000
10000000000000000001
00000000000001111100
10000000000000000001
11000000000000000111
10000000000000000001
01111100000000000000
11010101010101010101
12.58
10101010101010101011
10000000000000000001
00000001111100000000
10000000000000000001
00000000001111100000
10000000000000000001
00000000000000111110
10000000000000000001
11100000000000000011
10000000000000000001
00111110000000000000
11010101010101010101
12.87
10101010101010101011
10000000000000000001
00000000111110000000
10000000000000000001
00000000000111110000
10000000000000000001
00000000000000011111
10000000000000000001
11110000000000000001
10000000000000000001
00011111000000000000
11010101010101010101
13.17
10101010101010101011
10000000000000000001
00000000011111000000
10000000000000000001
00000000000011111000
10000000000000000001
10000000000000001111
10000000000000000001
11111000000000000000
10000000000000000001
00001111100000000000
11010101010101010101
13.46
10101010101010101011
10000000000000000001
00000000001111100000
10000000000000000001
00000000000001111100
10000000000000000001
11000000000000000111
10000000000000000001
01111100000000000000
10000000000000000001
00000111110000000000
11010101010101010101
13.75
10101010101010101011
10000000000000000001
00000000000111110000
10000000000000000001
00000000000000111110
10000000000000000001
11100000000000000011
10000000000000000001
00111110000000000000
10000000000000000001
00000011111000000000
11010101010101010101
14.04
10101010101010101011
10000000000000000001
00000000000011111000
10000000000000000001
00000000000000011111
10000000000000000001
11110000000000000001
10000000000000000001
00011111000000000000
10000000000000000001
00000001111100000000
11010101010101010101
14.34
10101010101010101011
10000000000000000001
00000000000001111100
10000000000000000001
10000000000000001111
10000000000000000001
11111000000000000000
10000000000000000001
00001111100000000000
10000000000000000001
00000000111110000000
11010101010101010101
14.63
10101010101010101011
10000000000000000001
00000000000000111110
10000000000000000001
11000000000000000111
10000000000000000001
01111100000000000000
10000000000000000001
00000111110000000000
10000000000000000001
00000000011111000000
11010101010101010101
14.92
10101010101010101011
10000000000000000001
00000000000000011111
10000000000000000001
11100000000000000011
10000000000000000001
00111110000000000000
10000000000000000001
00000011111000000000
10000000000000000001
00000000001111100000
11010101010101010101
800
00000000000000000000
00000000000000000000
00000000000000000000
00000000000000000000
00000000000000000000
00000000000000000000
00000000000000000000
00000000000000000000
00000000000000000000
00000000000000000000
00000000000000000000
00000000000000000000
